//3x3 mask
__constant__
double mask0[3][3] = {  {0.1036,0.1464,0.1036},
						{0.1464,0,0.1464},
						{0.1036,0.1464,0.1036}};	
						
//horizontal 5x5 mask
__constant__
double mask1[5][5] = {  {0,0,0,0,0},
						{0.0465,0.0735,0.1040,0.0735,0.0465},
						{0.0520,0.1040,0,0.1040,0.0520},
						{0.0465,0.0735,0.1040,0.0735,0.0465},
						{0,0,0,0,0}};

//vertical 5x5 mask						
__constant__
double mask2[5][5] = {  {0,0.0465,0.0520,0.0465,0},
						{0,0.0735,0.1040,0.0735,0},
						{0,0.1040,0,0.1040,0},
						{0,0.0735,0.1040,0.0735,0},
						{0,0.0465,0.0520,0.0465,0}};

//45 degree 7x7 mask					
__constant__
double mask3[7][7] = {	{0,0,0,0,0.0251,0,0},
						{0,0,0,0.0397,0.0355,0.0281,0},
						{0,0,0.0562,0.0794,0.0562,0.0355,0.0251},
						{0,0.0397,0.0794,0,0.0794,0.0397,0},
						{0.0251,0.0355,0.0562,0.0794,0.0562,0,0},
						{0,0.0281,0.0355,0.0397,0,0,0},
						{0,0,0.0251,0,0,0,0}};
						
//135 degree 7x7 mask							
__constant__						
double mask4[7][7] = {  {0,0,0.0251,0,0,0,0},
						{0,0.0281,0.0355,0.0397,0,0,0},
						{0.0251,0.0355,0.0562,0.0794,0.0562,0,0},
						{0,0.0397,0.0794,0,0.0794,0.0397,0},
						{0,0,0.0562,0.0794,0.0562,0.0355,0.0251},
						{0,0,0,0.0397,0.0355,0.0281,0},
						{0,0,0,0,0.0251,0,0}};